4.5946284304603166154469961085485517e-04	-3.5766273805836651140299903213570013e+00	6.1538409641264765087433417969495004e-02	1.8718251257373359124938431408869247e-01
1.5135676849735630853571019232003655e-03	-3.0518527868122619977479958253161165e+00	1.4165552586046821301993813503456377e-02	1.0135442641162926891737477571876048e-01
2.9141863749579154517090596903695383e-03	-2.7130306852530174321615193034649069e+00	7.1752428690909327145203953005264332e-03	7.2872592801589257616219195248031400e-02
4.5558427311623135777392097014771756e-03	-2.4543865212643146452362759344598688e+00	4.5532185220263162848455393718669482e-03	5.8235224049966805292170245886454004e-02
6.3645212886578168949458477453418528e-03	-2.2411558531219701241184530145146960e+00	3.2478025244154572564417571059526536e-03	4.9251829648381446058258521027114581e-02
8.2849335258691245437638120103047183e-03	-2.0573296533237645799116177004726546e+00	2.4903494639755293969875752080505885e-03	4.3158850879132514242292515332820802e-02
1.0273533705389745067099721317635771e-02	-1.8941362830881545353030207525084731e+00	2.0061147372922122248871425795472714e-03	3.8752422250168819582039057466440185e-02
1.2294830302806428511008222844597177e-02	-1.7462171678494763591205890610326636e+00	1.6751453626896652596741602177483947e-03	3.5421006645165061440753459264072799e-02
1.4319211739265431875941803568104657e-02	-1.6100424878519917416885577814673615e+00	1.4376532574912878666867307971398124e-03	3.2819895128051794308692684023565540e-02
1.6321559772586173127398847505432909e-02	-1.4831537766659450792185888127697337e+00	1.2608697006891886475533468397490484e-03	3.0739551539699220146541410630627402e-02
1.8280312688327574855755768991603596e-02	-1.3637631155192219834398266433277536e+00	1.1255007036399158839971642865096628e-03	2.9045096441934428707956574008727346e-02
2.0176804069269936453803669851731945e-02	-1.2505242065547141574500026114051920e+00	1.0195316769813180256297954072068669e-03	2.7645722405410472519144805581173733e-02
2.1994779907744067827159934417034875e-02	-1.1423935662606860670273642568850722e+00	9.3513744859002191651149927936134513e-04	2.6478057782445035958986697187092957e-02
2.3720036327299181155904280824796886e-02	-1.0385422005167395163626110739012460e+00	8.6703137169876594560005866389760404e-04	2.5496570375945790600990667748170346e-02
2.5340141891623555161947462118240655e-02	-9.3829710739731323632963648811258160e-01	8.1153245767237782175836129448873998e-04	2.4667759857715119179957790936450907e-02
2.6844221096518854848904384575801489e-02	-8.4110119575896480217799540874153344e-01	7.6601314139228946996921044874066959e-04	2.3966500184762087477140445973413064e-02
2.8222783321153817935907668439074361e-02	-7.4648499846896308590752360485925270e-01	7.2855933089653169650661627763445006e-04	2.3373657755889730268931316204318192e-02
2.9467586376713573962357206830267245e-02	-6.5404617602026435093022984522581261e-01	6.9775409127240810602978084752874411e-04	2.2874496115114819609981571336735306e-02
3.0571526974323517459824406303721547e-02	-5.6343430030412529096930795716538662e-01	6.7253609423823052906414506754116657e-04	2.2457582142530216784320265551733147e-02
3.1528552582440348225977243716407784e-02	-4.7433929404496606506155904231554062e-01	6.5210481645980654730773375143751679e-04	2.2114021762921918310063795037795739e-02
3.2333590633660438043096845119859041e-02	-3.8648244369335392824180638299614624e-01	6.3585587418797424259034988563146607e-04	2.1836918317064211638936181175915772e-02
3.2982492101019635806718596027631222e-02	-2.9960924474054160282834998480346719e-01	6.2333635938803049256449018298812163e-04	2.1620985549337911993159573873162078e-02
3.3471987237886837988540601429794833e-02	-2.1348355783068027993901668408054001e-01	6.1421385079091719611354220549368479e-04	2.1462271047762124014718759752654066e-02
3.3799651856226521060701289164100442e-02	-1.2788269739164718477896438614175521e-01	6.0825508771152472845933115616698904e-04	2.1357961138987398007637244115600020e-02
3.3963882967077595416892316272615060e-02	-4.2593168767077735363638481781940689e-02	6.0531175096036937001659302107278819e-04	2.1306248204341731249705190596369222e-02
3.3963882967077595416892316272615060e-02	4.2593168767077735363638481781940689e-02	6.0531175096036937001659302107278819e-04	2.1306248204341731249705190596369222e-02
3.3799651856226521060701289164100442e-02	1.2788269739164718477896438614175521e-01	6.0825508771152472845933115616698904e-04	2.1357961138987398007637244115600020e-02
3.3471987237886837988540601429794833e-02	2.1348355783068027993901668408054001e-01	6.1421385079091719611354220549368479e-04	2.1462271047762124014718759752654066e-02
3.2982492101019635806718596027631222e-02	2.9960924474054160282834998480346719e-01	6.2333635938803049256449018298812163e-04	2.1620985549337911993159573873162078e-02
3.2333590633660438043096845119859041e-02	3.8648244369335392824180638299614624e-01	6.3585587418797424259034988563146607e-04	2.1836918317064211638936181175915772e-02
3.1528552582440348225977243716407784e-02	4.7433929404496606506155904231554062e-01	6.5210481645980654730773375143751679e-04	2.2114021762921918310063795037795739e-02
3.0571526974323517459824406303721547e-02	5.6343430030412529096930795716538662e-01	6.7253609423823052906414506754116657e-04	2.2457582142530216784320265551733147e-02
2.9467586376713573962357206830267245e-02	6.5404617602026435093022984522581261e-01	6.9775409127240810602978084752874411e-04	2.2874496115114819609981571336735306e-02
2.8222783321153817935907668439074361e-02	7.4648499846896308590752360485925270e-01	7.2855933089653169650661627763445006e-04	2.3373657755889730268931316204318192e-02
2.6844221096518854848904384575801489e-02	8.4110119575896480217799540874153344e-01	7.6601314139228946996921044874066959e-04	2.3966500184762087477140445973413064e-02
2.5340141891623555161947462118240655e-02	9.3829710739731323632963648811258160e-01	8.1153245767237782175836129448873998e-04	2.4667759857715119179957790936450907e-02
2.3720036327299181155904280824796886e-02	1.0385422005167395163626110739012460e+00	8.6703137169876594560005866389760404e-04	2.5496570375945790600990667748170346e-02
2.1994779907744067827159934417034875e-02	1.1423935662606860670273642568850722e+00	9.3513744859002191651149927936134513e-04	2.6478057782445035958986697187092957e-02
2.0176804069269936453803669851731945e-02	1.2505242065547141574500026114051920e+00	1.0195316769813180256297954072068669e-03	2.7645722405410472519144805581173733e-02
1.8280312688327574855755768991603596e-02	1.3637631155192219834398266433277536e+00	1.1255007036399158839971642865096628e-03	2.9045096441934428707956574008727346e-02
1.6321559772586173127398847505432909e-02	1.4831537766659450792185888127697337e+00	1.2608697006891886475533468397490484e-03	3.0739551539699220146541410630627402e-02
1.4319211739265431875941803568104657e-02	1.6100424878519917416885577814673615e+00	1.4376532574912878666867307971398124e-03	3.2819895128051794308692684023565540e-02
1.2294830302806428511008222844597177e-02	1.7462171678494763591205890610326636e+00	1.6751453626896652596741602177483947e-03	3.5421006645165061440753459264072799e-02
1.0273533705389745067099721317635771e-02	1.8941362830881545353030207525084731e+00	2.0061147372922122248871425795472714e-03	3.8752422250168819582039057466440185e-02
8.2849335258691245437638120103047183e-03	2.0573296533237645799116177004726546e+00	2.4903494639755293969875752080505885e-03	4.3158850879132514242292515332820802e-02
6.3645212886578168949458477453418528e-03	2.2411558531219701241184530145146960e+00	3.2478025244154572564417571059526536e-03	4.9251829648381446058258521027114581e-02
4.5558427311623135777392097014771756e-03	2.4543865212643146452362759344598688e+00	4.5532185220263162848455393718669482e-03	5.8235224049966805292170245886454004e-02
2.9141863749579154517090596903695383e-03	2.7130306852530174321615193034649069e+00	7.1752428690909327145203953005264332e-03	7.2872592801589257616219195248031400e-02
1.5135676849735630853571019232003655e-03	3.0518527868122619977479958253161165e+00	1.4165552586046821301993813503456377e-02	1.0135442641162926891737477571876048e-01
4.5946284304603166154469961085485517e-04	3.5766273805836651140299903213570013e+00	6.1538409641264765087433417969495004e-02	1.8718251257373359124938431408869247e-01
0.0000000000000000000000000000000000e+00	0.0000000000000000000000000000000000e+00	1.0469770071937285422953641287621649e-03	2.6076763007400289673819464776823692e-02